{
 "cells": [
  {
   "cell_type": "code",
   "execution_count": 5,
   "metadata": {},
   "outputs": [
    {
     "name": "stderr",
     "output_type": "stream",
     "text": [
      "hexapod - INFO - Frame Name: universe, Frame Type: FIXED_JOINT, Frame ID: 0, XYZ =   R =\n",
      "1 0 0\n",
      "0 1 0\n",
      "0 0 1\n",
      "  p = 0 0 0\n",
      "\n",
      "hexapod - INFO - Frame Name: root_joint, Frame Type: JOINT, Frame ID: 1, XYZ =   R =\n",
      "1 0 0\n",
      "0 1 0\n",
      "0 0 1\n",
      "  p = 0 0 0\n",
      "\n",
      "hexapod - INFO - Frame Name: robot_base, Frame Type: BODY, Frame ID: 2, XYZ =   R =\n",
      "1 0 0\n",
      "0 1 0\n",
      "0 0 1\n",
      "  p = 0 0 0\n",
      "\n",
      "hexapod - INFO - Frame Name: Revolute_joint_01, Frame Type: JOINT, Frame ID: 3, XYZ =   R =\n",
      "          1  3.4641e-07 -3.4641e-07\n",
      "-3.4641e-07           1  3.4641e-07\n",
      " 3.4641e-07 -3.4641e-07           1\n",
      "  p =        0 -0.15921    0.059\n",
      "\n",
      "hexapod - INFO - Frame Name: coxa_1, Frame Type: BODY, Frame ID: 4, XYZ =   R =\n",
      "          1  3.4641e-07 -3.4641e-07\n",
      "-3.4641e-07           1  3.4641e-07\n",
      " 3.4641e-07 -3.4641e-07           1\n",
      "  p =        0 -0.15921    0.059\n",
      "\n",
      "hexapod - INFO - Frame Name: Revolute_joint_11, Frame Type: JOINT, Frame ID: 5, XYZ =   R =\n",
      " 6.73205e-07     -1.2e-13           -1\n",
      " -3.4641e-07           -1 -1.13205e-13\n",
      "          -1   3.4641e-07 -6.73205e-07\n",
      "  p = -1.62813e-08     -0.20621        0.059\n",
      "\n",
      "hexapod - INFO - Frame Name: femur_1, Frame Type: BODY, Frame ID: 6, XYZ =   R =\n",
      " 6.73205e-07     -1.2e-13           -1\n",
      " -3.4641e-07           -1 -1.13205e-13\n",
      "          -1   3.4641e-07 -6.73205e-07\n",
      "  p = -1.62813e-08     -0.20621        0.059\n",
      "\n",
      "hexapod - INFO - Frame Name: Revolute_joint_21, Frame Type: JOINT, Frame ID: 7, XYZ =   R =\n",
      " 3.26795e-07   3.4641e-07           -1\n",
      "-6.92821e-07           -1  -3.4641e-07\n",
      "          -1  6.92821e-07 -3.26795e-07\n",
      "  p = -4.2846e-08    -0.22976     0.09846\n",
      "\n",
      "hexapod - INFO - Frame Name: tibia_1, Frame Type: BODY, Frame ID: 8, XYZ =   R =\n",
      " 3.26795e-07   3.4641e-07           -1\n",
      "-6.92821e-07           -1  -3.4641e-07\n",
      "          -1  6.92821e-07 -3.26795e-07\n",
      "  p = -4.2846e-08    -0.22976     0.09846\n",
      "\n",
      "hexapod - INFO - Frame Name: Spherical_joint_01, Frame Type: FIXED_JOINT, Frame ID: 9, XYZ =   R =\n",
      "           1  -3.4641e-07  2.40222e-13\n",
      "  3.4641e-07            1  3.46411e-07\n",
      "-3.59778e-13 -3.46411e-07            1\n",
      "  p = -3.82814e-09     -0.25001  0.000530038\n",
      "\n",
      "hexapod - INFO - Frame Name: foot_1, Frame Type: BODY, Frame ID: 10, XYZ =   R =\n",
      "           1  -3.4641e-07  2.40222e-13\n",
      "  3.4641e-07            1  3.46411e-07\n",
      "-3.59778e-13 -3.46411e-07            1\n",
      "  p = -3.82814e-09     -0.25001  0.000530038\n",
      "\n",
      "hexapod - INFO - Frame Name: Revolute_joint_02, Frame Type: JOINT, Frame ID: 11, XYZ =   R =\n",
      "       -0.5    0.866026 4.73205e-07\n",
      "  -0.866026        -0.5 1.26795e-07\n",
      " 3.4641e-07 -3.4641e-07           1\n",
      "  p = 0.13788 -0.0796   0.059\n",
      "\n",
      "hexapod - INFO - Frame Name: coxa_2, Frame Type: BODY, Frame ID: 12, XYZ =   R =\n",
      "       -0.5    0.866026 4.73205e-07\n",
      "  -0.866026        -0.5 1.26795e-07\n",
      " 3.4641e-07 -3.4641e-07           1\n",
      "  p = 0.13788 -0.0796   0.059\n",
      "\n",
      "hexapod - INFO - Frame Name: Revolute_joint_12, Frame Type: JOINT, Frame ID: 13, XYZ =   R =\n",
      "-6.36602e-07     0.866026         -0.5\n",
      "-4.09808e-07         -0.5    -0.866026\n",
      "          -1  -3.4641e-07  6.73205e-07\n",
      "  p = 0.17858 -0.1031   0.059\n",
      "\n",
      "hexapod - INFO - Frame Name: femur_2, Frame Type: BODY, Frame ID: 14, XYZ =   R =\n",
      "-6.36602e-07     0.866026         -0.5\n",
      "-4.09808e-07         -0.5    -0.866026\n",
      "          -1  -3.4641e-07  6.73205e-07\n",
      "  p = 0.17858 -0.1031   0.059\n",
      "\n",
      "hexapod - INFO - Frame Name: Revolute_joint_22, Frame Type: JOINT, Frame ID: 15, XYZ =   R =\n",
      "-5.09807e-07     0.866026    -0.499999\n",
      "-8.83013e-07    -0.499999    -0.866026\n",
      "          -1 -3.53205e-13  1.01962e-06\n",
      "  p =  0.19898 -0.11488  0.09846\n",
      "\n",
      "hexapod - INFO - Frame Name: tibia_2, Frame Type: BODY, Frame ID: 16, XYZ =   R =\n",
      "-5.09807e-07     0.866026    -0.499999\n",
      "-8.83013e-07    -0.499999    -0.866026\n",
      "          -1 -3.53205e-13  1.01962e-06\n",
      "  p =  0.19898 -0.11488  0.09846\n",
      "\n",
      "hexapod - INFO - Frame Name: Spherical_joint_02, Frame Type: FIXED_JOINT, Frame ID: 17, XYZ =   R =\n",
      "   -0.499999     0.866026   3.4641e-07\n",
      "   -0.866026    -0.499999        6e-07\n",
      "  6.9282e-07 -3.53205e-13            1\n",
      "  p =    0.216514   -0.125005 0.000529976\n",
      "\n",
      "hexapod - INFO - Frame Name: foot_2, Frame Type: BODY, Frame ID: 18, XYZ =   R =\n",
      "   -0.499999     0.866026   3.4641e-07\n",
      "   -0.866026    -0.499999        6e-07\n",
      "  6.9282e-07 -3.53205e-13            1\n",
      "  p =    0.216514   -0.125005 0.000529976\n",
      "\n",
      "hexapod - INFO - Frame Name: Revolute_joint_03, Frame Type: JOINT, Frame ID: 19, XYZ =   R =\n",
      "        0.5    0.866025 1.26795e-07\n",
      "  -0.866025         0.5 4.73205e-07\n",
      " 3.4641e-07 -3.4641e-07           1\n",
      "  p = 0.13788  0.0796   0.059\n",
      "\n",
      "hexapod - INFO - Frame Name: coxa_3, Frame Type: BODY, Frame ID: 20, XYZ =   R =\n",
      "        0.5    0.866025 1.26795e-07\n",
      "  -0.866025         0.5 4.73205e-07\n",
      " 3.4641e-07 -3.4641e-07           1\n",
      "  p = 0.13788  0.0796   0.059\n",
      "\n",
      "hexapod - INFO - Frame Name: Revolute_joint_13, Frame Type: JOINT, Frame ID: 21, XYZ =   R =\n",
      " 3.66024e-08     0.866025          0.5\n",
      "-7.56218e-07          0.5    -0.866025\n",
      "          -1  -3.4641e-07  6.73205e-07\n",
      "  p = 0.17858  0.1031   0.059\n",
      "\n",
      "hexapod - INFO - Frame Name: femur_3, Frame Type: BODY, Frame ID: 22, XYZ =   R =\n",
      " 3.66024e-08     0.866025          0.5\n",
      "-7.56218e-07          0.5    -0.866025\n",
      "          -1  -3.4641e-07  6.73205e-07\n",
      "  p = 0.17858  0.1031   0.059\n",
      "\n",
      "hexapod - INFO - Frame Name: Revolute_joint_23, Frame Type: JOINT, Frame ID: 23, XYZ =   R =\n",
      "-9.01925e-08     0.866025          0.5\n",
      "-1.22942e-06          0.5    -0.866025\n",
      "          -1 -6.92821e-07  1.01962e-06\n",
      "  p =  0.19858 0.114881  0.09846\n",
      "\n",
      "hexapod - INFO - Frame Name: tibia_B_3, Frame Type: BODY, Frame ID: 24, XYZ =   R =\n",
      "-9.01925e-08     0.866025          0.5\n",
      "-1.22942e-06          0.5    -0.866025\n",
      "          -1 -6.92821e-07  1.01962e-06\n",
      "  p =  0.19858 0.114881  0.09846\n",
      "\n",
      "hexapod - INFO - Frame Name: Spherical_joint_03, Frame Type: FIXED_JOINT, Frame ID: 25, XYZ =   R =\n",
      "         0.5     0.866025   2.5359e-07\n",
      "   -0.866025          0.5   9.4641e-07\n",
      "  6.9282e-07 -6.92821e-07            1\n",
      "  p =    0.216515    0.125006 0.000529961\n",
      "\n",
      "hexapod - INFO - Frame Name: foot_3, Frame Type: BODY, Frame ID: 26, XYZ =   R =\n",
      "         0.5     0.866025   2.5359e-07\n",
      "   -0.866025          0.5   9.4641e-07\n",
      "  6.9282e-07 -6.92821e-07            1\n",
      "  p =    0.216515    0.125006 0.000529961\n",
      "\n",
      "hexapod - INFO - Frame Name: Revolute_joint_04, Frame Type: JOINT, Frame ID: 27, XYZ =   R =\n",
      "          1  3.4641e-07 -3.4641e-07\n",
      "-3.4641e-07           1  3.4641e-07\n",
      " 3.4641e-07 -3.4641e-07           1\n",
      "  p =       0 0.15921   0.059\n",
      "\n",
      "hexapod - INFO - Frame Name: coxa_4, Frame Type: BODY, Frame ID: 28, XYZ =   R =\n",
      "          1  3.4641e-07 -3.4641e-07\n",
      "-3.4641e-07           1  3.4641e-07\n",
      " 3.4641e-07 -3.4641e-07           1\n",
      "  p =       0 0.15921   0.059\n",
      "\n",
      "hexapod - INFO - Frame Name: Revolute_joint_14, Frame Type: JOINT, Frame ID: 29, XYZ =   R =\n",
      "6.73205e-07  3.4641e-07           1\n",
      "-3.4641e-07           1 -3.4641e-07\n",
      "         -1 -3.4641e-07 6.73205e-07\n",
      "  p = 1.62813e-08     0.20621       0.059\n",
      "\n",
      "hexapod - INFO - Frame Name: femur_4, Frame Type: BODY, Frame ID: 30, XYZ =   R =\n",
      "6.73205e-07  3.4641e-07           1\n",
      "-3.4641e-07           1 -3.4641e-07\n",
      "         -1 -3.4641e-07 6.73205e-07\n",
      "  p = 1.62813e-08     0.20621       0.059\n",
      "\n",
      "hexapod - INFO - Frame Name: Revolute_joint_24, Frame Type: JOINT, Frame ID: 31, XYZ =   R =\n",
      " 1.01962e-06  3.53205e-13            1\n",
      "-6.92821e-07            1  3.53205e-13\n",
      "          -1 -6.92821e-07  1.01962e-06\n",
      "  p = -2.12542e-09      0.22976      0.09846\n",
      "\n",
      "hexapod - INFO - Frame Name: tibia_4, Frame Type: BODY, Frame ID: 32, XYZ =   R =\n",
      " 1.01962e-06  3.53205e-13            1\n",
      "-6.92821e-07            1  3.53205e-13\n",
      "          -1 -6.92821e-07  1.01962e-06\n",
      "  p = -2.12542e-09      0.22976      0.09846\n",
      "\n",
      "hexapod - INFO - Frame Name: Spherical_joint_04, Frame Type: FIXED_JOINT, Frame ID: 33, XYZ =   R =\n",
      "           1  3.53205e-13  -6.9282e-07\n",
      " 1.26795e-13            1  6.92821e-07\n",
      "  6.9282e-07 -6.92821e-07            1\n",
      "  p = 9.77255e-08     0.25001 0.000529962\n",
      "\n",
      "hexapod - INFO - Frame Name: foot_4, Frame Type: BODY, Frame ID: 34, XYZ =   R =\n",
      "           1  3.53205e-13  -6.9282e-07\n",
      " 1.26795e-13            1  6.92821e-07\n",
      "  6.9282e-07 -6.92821e-07            1\n",
      "  p = 9.77255e-08     0.25001 0.000529962\n",
      "\n",
      "hexapod - INFO - Frame Name: Revolute_joint_05, Frame Type: JOINT, Frame ID: 35, XYZ =   R =\n",
      "         0.5    -0.866025 -4.73205e-07\n",
      "    0.866025          0.5 -1.26795e-07\n",
      "  3.4641e-07  -3.4641e-07            1\n",
      "  p = -0.13788   0.0796    0.059\n",
      "\n",
      "hexapod - INFO - Frame Name: coxa_5, Frame Type: BODY, Frame ID: 36, XYZ =   R =\n",
      "         0.5    -0.866025 -4.73205e-07\n",
      "    0.866025          0.5 -1.26795e-07\n",
      "  3.4641e-07  -3.4641e-07            1\n",
      "  p = -0.13788   0.0796    0.059\n",
      "\n",
      "hexapod - INFO - Frame Name: Revolute_joint_15, Frame Type: JOINT, Frame ID: 37, XYZ =   R =\n",
      "6.36603e-07   -0.866025         0.5\n",
      "4.09808e-07         0.5    0.866025\n",
      "         -1 -3.4641e-07 6.73205e-07\n",
      "  p = -0.17858   0.1031    0.059\n",
      "\n",
      "hexapod - INFO - Frame Name: femur_5, Frame Type: BODY, Frame ID: 38, XYZ =   R =\n",
      "6.36603e-07   -0.866025         0.5\n",
      "4.09808e-07         0.5    0.866025\n",
      "         -1 -3.4641e-07 6.73205e-07\n",
      "  p = -0.17858   0.1031    0.059\n",
      "\n",
      "hexapod - INFO - Frame Name: Revolute_joint_25, Frame Type: JOINT, Frame ID: 39, XYZ =   R =\n",
      " 5.09808e-07    -0.866026          0.5\n",
      " 8.83013e-07          0.5     0.866026\n",
      "          -1 -3.53205e-13  1.01962e-06\n",
      "  p = -0.19898  0.11488  0.09846\n",
      "\n",
      "hexapod - INFO - Frame Name: tibia_5, Frame Type: BODY, Frame ID: 40, XYZ =   R =\n",
      " 5.09808e-07    -0.866026          0.5\n",
      " 8.83013e-07          0.5     0.866026\n",
      "          -1 -3.53205e-13  1.01962e-06\n",
      "  p = -0.19898  0.11488  0.09846\n",
      "\n",
      "hexapod - INFO - Frame Name: Spherical_joint_05, Frame Type: FIXED_JOINT, Frame ID: 41, XYZ =   R =\n",
      "         0.5    -0.866026  -3.4641e-07\n",
      "    0.866026          0.5       -6e-07\n",
      "  6.9282e-07 -3.53205e-13            1\n",
      "  p =   -0.216514    0.125005 0.000529976\n",
      "\n",
      "hexapod - INFO - Frame Name: foot_5, Frame Type: BODY, Frame ID: 42, XYZ =   R =\n",
      "         0.5    -0.866026  -3.4641e-07\n",
      "    0.866026          0.5       -6e-07\n",
      "  6.9282e-07 -3.53205e-13            1\n",
      "  p =   -0.216514    0.125005 0.000529976\n",
      "\n",
      "hexapod - INFO - Frame Name: Revolute_joint_06, Frame Type: JOINT, Frame ID: 43, XYZ =   R =\n",
      "        -0.5    -0.866026 -1.26795e-07\n",
      "    0.866026         -0.5 -4.73205e-07\n",
      "  3.4641e-07  -3.4641e-07            1\n",
      "  p = -0.13788  -0.0796    0.059\n",
      "\n",
      "hexapod - INFO - Frame Name: coxa_6, Frame Type: BODY, Frame ID: 44, XYZ =   R =\n",
      "        -0.5    -0.866026 -1.26795e-07\n",
      "    0.866026         -0.5 -4.73205e-07\n",
      "  3.4641e-07  -3.4641e-07            1\n",
      "  p = -0.13788  -0.0796    0.059\n",
      "\n",
      "hexapod - INFO - Frame Name: Revolute_joint_16, Frame Type: JOINT, Frame ID: 45, XYZ =   R =\n",
      "-3.66022e-08    -0.866026         -0.5\n",
      " 7.56218e-07         -0.5     0.866026\n",
      "          -1  -3.4641e-07  6.73205e-07\n",
      "  p = -0.17858  -0.1031    0.059\n",
      "\n",
      "hexapod - INFO - Frame Name: femur_6, Frame Type: BODY, Frame ID: 46, XYZ =   R =\n",
      "-3.66022e-08    -0.866026         -0.5\n",
      " 7.56218e-07         -0.5     0.866026\n",
      "          -1  -3.4641e-07  6.73205e-07\n",
      "  p = -0.17858  -0.1031    0.059\n",
      "\n",
      "hexapod - INFO - Frame Name: Revolute_joint_26, Frame Type: JOINT, Frame ID: 47, XYZ =   R =\n",
      "  9.0193e-08    -0.866025         -0.5\n",
      " 1.22942e-06         -0.5     0.866025\n",
      "          -1 -6.92821e-07  1.01962e-06\n",
      "  p = -0.19898 -0.11488  0.09846\n",
      "\n",
      "hexapod - INFO - Frame Name: tibia_6, Frame Type: BODY, Frame ID: 48, XYZ =   R =\n",
      "  9.0193e-08    -0.866025         -0.5\n",
      " 1.22942e-06         -0.5     0.866025\n",
      "          -1 -6.92821e-07  1.01962e-06\n",
      "  p = -0.19898 -0.11488  0.09846\n",
      "\n",
      "hexapod - INFO - Frame Name: Spherical_joint_06, Frame Type: FIXED_JOINT, Frame ID: 49, XYZ =   R =\n",
      "        -0.5    -0.866025  -2.5359e-07\n",
      "    0.866025         -0.5  -9.4641e-07\n",
      "  6.9282e-07 -6.92821e-07            1\n",
      "  p =   -0.216514   -0.125005 0.000529962\n",
      "\n",
      "hexapod - INFO - Frame Name: foot_6, Frame Type: BODY, Frame ID: 50, XYZ =   R =\n",
      "        -0.5    -0.866025  -2.5359e-07\n",
      "    0.866025         -0.5  -9.4641e-07\n",
      "  6.9282e-07 -6.92821e-07            1\n",
      "  p =   -0.216514   -0.125005 0.000529962\n",
      "\n",
      "hexapod - INFO - Hexapod Object Initialised Successfully with init_viz = False, logging_level=10\n"
     ]
    }
   ],
   "source": [
    "from hexapod_v2_5 import hexapod\n",
    "import numpy as np\n",
    "import matplotlib.pyplot as plt\n",
    "%matplotlib widget\n",
    "\n",
    "hexy = hexapod(init_viz=False)\n",
    "\n",
    "q_trajectory = np.load('gait_angles/gait_angles_WP5_S3_20241117_185911.npy')"
   ]
  },
  {
   "cell_type": "code",
   "execution_count": 6,
   "metadata": {},
   "outputs": [],
   "source": [
    "def plot_trajctory(state):\n",
    "    x_figsize = 15\n",
    "    y_figsize = 30\n",
    "    # Create a time array based on the number of columns in x1 or x2\n",
    "    time = np.arange(state.shape[0])\n",
    "\n",
    "    # Create a single figure with a 3-row, 2-column layout\n",
    "    fig, axs = plt.subplots(7, 3, figsize=(x_figsize, y_figsize))\n",
    "    fig.suptitle(\n",
    "        f\"States\")\n",
    "\n",
    "    axs[0, 0].plot(time, state[:, 0], label='x body', color='blue')\n",
    "    axs[0, 0].set_xlabel('time')\n",
    "    axs[0, 0].set_ylabel('x body')\n",
    "    axs[0, 0].legend()\n",
    "    axs[0, 0].grid(True)\n",
    "\n",
    "    axs[0, 1].plot(time, state[:, 1], label='y body', color='blue')\n",
    "    axs[0, 1].set_xlabel('time')\n",
    "    axs[0, 1].set_ylabel('y body')\n",
    "    axs[0, 1].legend()\n",
    "    axs[0, 1].grid(True)\n",
    "\n",
    "    axs[0, 2].plot(time, state[:, 2], label='z body', color='blue')\n",
    "    axs[0, 2].set_xlabel('time')\n",
    "    axs[0, 2].set_ylabel('z body')\n",
    "    axs[0, 2].legend()\n",
    "    axs[0, 2].grid(True)\n",
    "\n",
    "    axs[1, 0].plot(time, state[:, 3], label='x leg 0', color='blue')\n",
    "    axs[1, 0].set_xlabel('time')\n",
    "    axs[1, 0].set_ylabel('x  leg 0')\n",
    "    axs[1, 0].legend()\n",
    "    axs[1, 0].grid(True)\n",
    "\n",
    "    axs[1, 1].plot(time, state[:, 4], label='y  leg 0', color='blue')\n",
    "    axs[1, 1].set_xlabel('time')\n",
    "    axs[1, 1].set_ylabel('y  leg 0')\n",
    "    axs[1, 1].legend()\n",
    "    axs[1, 1].grid(True)\n",
    "\n",
    "    axs[1, 2].plot(time, state[:, 5], label='z  leg 0', color='blue')\n",
    "    axs[1, 2].set_xlabel('time')\n",
    "    axs[1, 2].set_ylabel('z  leg 0')\n",
    "    axs[1, 2].legend()\n",
    "    axs[1, 2].grid(True)\n",
    "\n",
    "    axs[2, 0].plot(time, state[:, 6], label='x  leg 1', color='blue')\n",
    "    axs[2, 0].set_xlabel('time')\n",
    "    axs[2, 0].set_ylabel('x leg 1')\n",
    "    axs[2, 0].legend()\n",
    "    axs[2, 0].grid(True)\n",
    "\n",
    "    axs[2, 1].plot(time, state[:, 7], label='y leg 1', color='blue')\n",
    "    axs[2, 1].set_xlabel('time')\n",
    "    axs[2, 1].set_ylabel('y leg 1')\n",
    "    axs[2, 1].legend()\n",
    "    axs[2, 1].grid(True)\n",
    "\n",
    "    axs[2, 2].plot(time, state[:, 8], label='z leg 1', color='blue')\n",
    "    axs[2, 2].set_xlabel('time')\n",
    "    axs[2, 2].set_ylabel('z leg 1')\n",
    "    axs[2, 2].legend()\n",
    "    axs[2, 2].grid(True)\n",
    "\n",
    "    axs[3, 0].plot(time, state[:, 9], label='x leg 2', color='blue')\n",
    "    axs[3, 0].set_xlabel('time')\n",
    "    axs[3, 0].set_ylabel('x leg 2')\n",
    "    axs[3, 0].legend()\n",
    "    axs[3, 0].grid(True)\n",
    "\n",
    "    axs[3, 1].plot(time, state[:, 10], label='y leg 2', color='blue')\n",
    "    axs[3, 1].set_xlabel('time')\n",
    "    axs[3, 1].set_ylabel('y leg 2')\n",
    "    axs[3, 1].legend()\n",
    "    axs[3, 1].grid(True)\n",
    "\n",
    "    axs[3, 2].plot(time, state[:, 11], label='z leg 2', color='blue')\n",
    "    axs[3, 2].set_xlabel('time')\n",
    "    axs[3, 2].set_ylabel('z leg 2')\n",
    "    axs[3, 2].legend()\n",
    "    axs[3, 2].grid(True)\n",
    "\n",
    "    axs[4, 0].plot(time, state[:, 12], label='x leg 3', color='blue')\n",
    "    axs[4, 0].set_xlabel('time')\n",
    "    axs[4, 0].set_ylabel('x leg 3')\n",
    "    axs[4, 0].legend()\n",
    "    axs[4, 0].grid(True)\n",
    "\n",
    "    axs[4, 1].plot(time, state[:, 13], label='y leg 3', color='blue')\n",
    "    axs[4, 1].set_xlabel('time')\n",
    "    axs[4, 1].set_ylabel('y leg 3')\n",
    "    axs[4, 1].legend()\n",
    "    axs[4, 1].grid(True)\n",
    "\n",
    "    axs[4, 2].plot(time, state[:, 14], label='z leg 3', color='blue')\n",
    "    axs[4, 2].set_xlabel('time')\n",
    "    axs[4, 2].set_ylabel('z leg 3')\n",
    "    axs[4, 2].legend()\n",
    "    axs[4, 2].grid(True)\n",
    "\n",
    "    axs[5, 0].plot(time, state[:, 15], label='x leg 4', color='blue')\n",
    "    axs[5, 0].set_xlabel('time')\n",
    "    axs[5, 0].set_ylabel('x leg 4')\n",
    "    axs[5, 0].legend()\n",
    "    axs[5, 0].grid(True)\n",
    "\n",
    "    axs[5, 1].plot(time, state[:, 16], label='y leg 4', color='blue')\n",
    "    axs[5, 1].set_xlabel('time')\n",
    "    axs[5, 1].set_ylabel('y leg 4')\n",
    "    axs[5, 1].legend()\n",
    "    axs[5, 1].grid(True)\n",
    "\n",
    "    axs[5, 2].plot(time, state[:, 17], label='z leg 4', color='blue')\n",
    "    axs[5, 2].set_xlabel('time')\n",
    "    axs[5, 2].set_ylabel('z leg 4')\n",
    "    axs[5, 2].legend()\n",
    "    axs[5, 2].grid(True)\n",
    "\n",
    "    axs[6, 0].plot(time, state[:, 18], label='x leg 5', color='blue')\n",
    "    axs[6, 0].set_xlabel('time')\n",
    "    axs[6, 0].set_ylabel('x leg 5')\n",
    "    axs[6, 0].legend()\n",
    "    axs[6, 0].grid(True)\n",
    "\n",
    "    axs[6, 1].plot(time, state[:, 19], label='y leg 5', color='blue')\n",
    "    axs[6, 1].set_xlabel('time')\n",
    "    axs[6, 1].set_ylabel('y leg 5')\n",
    "    axs[6, 1].legend()\n",
    "    axs[6, 1].grid(True)\n",
    "\n",
    "    axs[6, 2].plot(time, state[:, 20], label='z leg 5', color='blue')\n",
    "    axs[6, 2].set_xlabel('time')\n",
    "    axs[6, 2].set_ylabel('z leg 5')\n",
    "    axs[6, 2].legend()\n",
    "    axs[6, 2].grid(True)"
   ]
  },
  {
   "cell_type": "code",
   "execution_count": 7,
   "metadata": {},
   "outputs": [
    {
     "data": {
      "application/vnd.jupyter.widget-view+json": {
       "model_id": "eee627a83dd4464895d119a7d5ac5d24",
       "version_major": 2,
       "version_minor": 0
      },
