2025-04-20 19:49:42,941 - hexapod - INFO - Frame Name: universe, Frame Type: FIXED_JOINT, Frame ID: 0, XYZ =   R =
1 0 0
0 1 0
0 0 1
  p = 0 0 0

2025-04-20 19:49:42,942 - hexapod - INFO - Frame Name: root_joint, Frame Type: JOINT, Frame ID: 1, XYZ =   R =
1 0 0
0 1 0
0 0 1
  p = 0 0 0

2025-04-20 19:49:42,942 - hexapod - INFO - Frame Name: robot_base, Frame Type: BODY, Frame ID: 2, XYZ =   R =
1 0 0
0 1 0
0 0 1
  p = 0 0 0

2025-04-20 19:49:42,942 - hexapod - INFO - Frame Name: Revolute_joint_01, Frame Type: JOINT, Frame ID: 3, XYZ =   R =
         -1    -1.2e-13  3.4641e-07
          0          -1 -3.4641e-07
 3.4641e-07 -3.4641e-07           1
  p =        0 -0.15921    0.059

2025-04-20 19:49:42,942 - hexapod - INFO - Frame Name: coxa_1, Frame Type: BODY, Frame ID: 4, XYZ =   R =
         -1    -1.2e-13  3.4641e-07
          0          -1 -3.4641e-07
 3.4641e-07 -3.4641e-07           1
  p =        0 -0.15921    0.059

2025-04-20 19:49:42,942 - hexapod - INFO - Frame Name: Revolute_joint_11, Frame Type: JOINT, Frame ID: 5, XYZ =   R =
-6.73205e-07     -1.2e-13           -1
  3.4641e-07           -1 -1.13205e-13
          -1  -3.4641e-07  6.73205e-07
  p = -5.64e-15  -0.20621     0.059

2025-04-20 19:49:42,942 - hexapod - INFO - Frame Name: femur_1, Frame Type: BODY, Frame ID: 6, XYZ =   R =
-6.73205e-07     -1.2e-13           -1
  3.4641e-07           -1 -1.13205e-13
          -1  -3.4641e-07  6.73205e-07
  p = -5.64e-15  -0.20621     0.059

2025-04-20 19:49:42,942 - hexapod - INFO - Frame Name: Revolute_joint_21, Frame Type: JOINT, Frame ID: 7, XYZ =   R =
-1.01962e-06   3.4641e-07           -1
-5.77442e-20           -1  -3.4641e-07
          -1 -3.53205e-13  1.01962e-06
  p = 2.65647e-08    -0.22976     0.09846

2025-04-20 19:49:42,942 - hexapod - INFO - Frame Name: tibia_1, Frame Type: BODY, Frame ID: 8, XYZ =   R =
-1.01962e-06   3.4641e-07           -1
-5.77442e-20           -1  -3.4641e-07
          -1 -3.53205e-13  1.01962e-06
  p = 2.65647e-08    -0.22976     0.09846

2025-04-20 19:49:42,942 - hexapod - INFO - Frame Name: Spherical_joint_01, Frame Type: FIXED_JOINT, Frame ID: 9, XYZ =   R =
          -1   3.4641e-07   6.9282e-07
 -3.4641e-07           -1 -1.13205e-13
  6.9282e-07 -3.53205e-13            1
  p = -6.62715e-08     -0.25001  0.000529976

2025-04-20 19:49:42,942 - hexapod - INFO - Frame Name: foot_1, Frame Type: BODY, Frame ID: 10, XYZ =   R =
          -1   3.4641e-07   6.9282e-07
 -3.4641e-07           -1 -1.13205e-13
  6.9282e-07 -3.53205e-13            1
  p = -6.62715e-08     -0.25001  0.000529976

2025-04-20 19:49:42,942 - hexapod - INFO - Frame Name: Revolute_joint_02, Frame Type: JOINT, Frame ID: 11, XYZ =   R =
       -0.5    0.866026 4.73205e-07
  -0.866026        -0.5 1.26795e-07
 3.4641e-07 -3.4641e-07           1
  p = 0.13788 -0.0796   0.059

2025-04-20 19:49:42,942 - hexapod - INFO - Frame Name: coxa_2, Frame Type: BODY, Frame ID: 12, XYZ =   R =
       -0.5    0.866026 4.73205e-07
  -0.866026        -0.5 1.26795e-07
 3.4641e-07 -3.4641e-07           1
  p = 0.13788 -0.0796   0.059

2025-04-20 19:49:42,942 - hexapod - INFO - Frame Name: Revolute_joint_12, Frame Type: JOINT, Frame ID: 13, XYZ =   R =
-6.36602e-07     0.866026         -0.5
-4.09808e-07         -0.5    -0.866026
          -1  -3.4641e-07  6.73205e-07
  p = 0.17858 -0.1031   0.059

2025-04-20 19:49:42,942 - hexapod - INFO - Frame Name: femur_2, Frame Type: BODY, Frame ID: 14, XYZ =   R =
-6.36602e-07     0.866026         -0.5
-4.09808e-07         -0.5    -0.866026
          -1  -3.4641e-07  6.73205e-07
  p = 0.17858 -0.1031   0.059

2025-04-20 19:49:42,943 - hexapod - INFO - Frame Name: Revolute_joint_22, Frame Type: JOINT, Frame ID: 15, XYZ =   R =
-5.09807e-07     0.866026    -0.499999
-8.83013e-07    -0.499999    -0.866026
          -1 -3.53205e-13  1.01962e-06
  p =  0.19898 -0.11488  0.09846

2025-04-20 19:49:42,943 - hexapod - INFO - Frame Name: tibia_2, Frame Type: BODY, Frame ID: 16, XYZ =   R =
-5.09807e-07     0.866026    -0.499999
-8.83013e-07    -0.499999    -0.866026
          -1 -3.53205e-13  1.01962e-06
  p =  0.19898 -0.11488  0.09846

2025-04-20 19:49:42,943 - hexapod - INFO - Frame Name: Spherical_joint_02, Frame Type: FIXED_JOINT, Frame ID: 17, XYZ =   R =
   -0.499999     0.866026   3.4641e-07
   -0.866026    -0.499999        6e-07
  6.9282e-07 -3.53205e-13            1
  p =    0.216514   -0.125005 0.000529976

2025-04-20 19:49:42,943 - hexapod - INFO - Frame Name: foot_2, Frame Type: BODY, Frame ID: 18, XYZ =   R =
   -0.499999     0.866026   3.4641e-07
   -0.866026    -0.499999        6e-07
  6.9282e-07 -3.53205e-13            1
  p =    0.216514   -0.125005 0.000529976

2025-04-20 19:49:42,943 - hexapod - INFO - Frame Name: Revolute_joint_03, Frame Type: JOINT, Frame ID: 19, XYZ =   R =
        0.5    0.866025 1.26795e-07
  -0.866025         0.5 4.73205e-07
 3.4641e-07 -3.4641e-07           1
  p = 0.13788  0.0796   0.059

2025-04-20 19:49:42,943 - hexapod - INFO - Frame Name: coxa_3, Frame Type: BODY, Frame ID: 20, XYZ =   R =
        0.5    0.866025 1.26795e-07
  -0.866025         0.5 4.73205e-07
 3.4641e-07 -3.4641e-07           1
  p = 0.13788  0.0796   0.059

2025-04-20 19:49:42,943 - hexapod - INFO - Frame Name: Revolute_joint_13, Frame Type: JOINT, Frame ID: 21, XYZ =   R =
 3.66024e-08     0.866025          0.5
-7.56218e-07          0.5    -0.866025
          -1  -3.4641e-07  6.73205e-07
  p = 0.17858  0.1031   0.059

2025-04-20 19:49:42,943 - hexapod - INFO - Frame Name: femur_3, Frame Type: BODY, Frame ID: 22, XYZ =   R =
 3.66024e-08     0.866025          0.5
-7.56218e-07          0.5    -0.866025
          -1  -3.4641e-07  6.73205e-07
  p = 0.17858  0.1031   0.059

2025-04-20 19:49:42,943 - hexapod - INFO - Frame Name: Revolute_joint_23, Frame Type: JOINT, Frame ID: 23, XYZ =   R =
-9.01925e-08     0.866025          0.5
-1.22942e-06          0.5    -0.866025
          -1 -6.92821e-07  1.01962e-06
  p =  0.19858 0.114881  0.09846

2025-04-20 19:49:42,943 - hexapod - INFO - Frame Name: tibia_B_3, Frame Type: BODY, Frame ID: 24, XYZ =   R =
-9.01925e-08     0.866025          0.5
-1.22942e-06          0.5    -0.866025
          -1 -6.92821e-07  1.01962e-06
  p =  0.19858 0.114881  0.09846

2025-04-20 19:49:42,943 - hexapod - INFO - Frame Name: Spherical_joint_03, Frame Type: FIXED_JOINT, Frame ID: 25, XYZ =   R =
         0.5     0.866025   2.5359e-07
   -0.866025          0.5   9.4641e-07
  6.9282e-07 -6.92821e-07            1
  p =    0.216515    0.125006 0.000529961

2025-04-20 19:49:42,943 - hexapod - INFO - Frame Name: foot_3, Frame Type: BODY, Frame ID: 26, XYZ =   R =
         0.5     0.866025   2.5359e-07
   -0.866025          0.5   9.4641e-07
  6.9282e-07 -6.92821e-07            1
  p =    0.216515    0.125006 0.000529961

2025-04-20 19:49:42,943 - hexapod - INFO - Frame Name: Revolute_joint_04, Frame Type: JOINT, Frame ID: 27, XYZ =   R =
          1  3.4641e-07 -3.4641e-07
-3.4641e-07           1  3.4641e-07
 3.4641e-07 -3.4641e-07           1
  p =       0 0.15921   0.059

2025-04-20 19:49:42,943 - hexapod - INFO - Frame Name: coxa_4, Frame Type: BODY, Frame ID: 28, XYZ =   R =
          1  3.4641e-07 -3.4641e-07
-3.4641e-07           1  3.4641e-07
 3.4641e-07 -3.4641e-07           1
  p =       0 0.15921   0.059

2025-04-20 19:49:42,943 - hexapod - INFO - Frame Name: Revolute_joint_14, Frame Type: JOINT, Frame ID: 29, XYZ =   R =
6.73205e-07  3.4641e-07           1
-3.4641e-07           1 -3.4641e-07
         -1 -3.4641e-07 6.73205e-07
  p = 1.62813e-08     0.20621       0.059

2025-04-20 19:49:42,943 - hexapod - INFO - Frame Name: femur_4, Frame Type: BODY, Frame ID: 30, XYZ =   R =
6.73205e-07  3.4641e-07           1
-3.4641e-07           1 -3.4641e-07
         -1 -3.4641e-07 6.73205e-07
  p = 1.62813e-08     0.20621       0.059

2025-04-20 19:49:42,943 - hexapod - INFO - Frame Name: Revolute_joint_24, Frame Type: JOINT, Frame ID: 31, XYZ =   R =
 1.01962e-06  3.53205e-13            1
-6.92821e-07            1  3.53205e-13
          -1 -6.92821e-07  1.01962e-06
  p = -2.12542e-09      0.22976      0.09846

2025-04-20 19:49:42,943 - hexapod - INFO - Frame Name: tibia_4, Frame Type: BODY, Frame ID: 32, XYZ =   R =
 1.01962e-06  3.53205e-13            1
-6.92821e-07            1  3.53205e-13
          -1 -6.92821e-07  1.01962e-06
  p = -2.12542e-09      0.22976      0.09846

2025-04-20 19:49:42,943 - hexapod - INFO - Frame Name: Spherical_joint_04, Frame Type: FIXED_JOINT, Frame ID: 33, XYZ =   R =
           1  3.53205e-13  -6.9282e-07
 1.26795e-13            1  6.92821e-07
  6.9282e-07 -6.92821e-07            1
  p = 9.77255e-08     0.25001 0.000529962

2025-04-20 19:49:42,944 - hexapod - INFO - Frame Name: foot_4, Frame Type: BODY, Frame ID: 34, XYZ =   R =
           1  3.53205e-13  -6.9282e-07
 1.26795e-13            1  6.92821e-07
  6.9282e-07 -6.92821e-07            1
  p = 9.77255e-08     0.25001 0.000529962

2025-04-20 19:49:42,944 - hexapod - INFO - Frame Name: Revolute_joint_05, Frame Type: JOINT, Frame ID: 35, XYZ =   R =
         0.5    -0.866025 -4.73205e-07
    0.866025          0.5 -1.26795e-07
  3.4641e-07  -3.4641e-07            1
  p = -0.13788   0.0796    0.059

2025-04-20 19:49:42,944 - hexapod - INFO - Frame Name: coxa_5, Frame Type: BODY, Frame ID: 36, XYZ =   R =
         0.5    -0.866025 -4.73205e-07
    0.866025          0.5 -1.26795e-07
  3.4641e-07  -3.4641e-07            1
  p = -0.13788   0.0796    0.059

2025-04-20 19:49:42,944 - hexapod - INFO - Frame Name: Revolute_joint_15, Frame Type: JOINT, Frame ID: 37, XYZ =   R =
6.36603e-07   -0.866025         0.5
4.09808e-07         0.5    0.866025
         -1 -3.4641e-07 6.73205e-07
  p = -0.17858   0.1031    0.059

2025-04-20 19:49:42,944 - hexapod - INFO - Frame Name: femur_5, Frame Type: BODY, Frame ID: 38, XYZ =   R =
6.36603e-07   -0.866025         0.5
4.09808e-07         0.5    0.866025
         -1 -3.4641e-07 6.73205e-07
  p = -0.17858   0.1031    0.059

2025-04-20 19:49:42,944 - hexapod - INFO - Frame Name: Revolute_joint_25, Frame Type: JOINT, Frame ID: 39, XYZ =   R =
 5.09808e-07    -0.866026          0.5
 8.83013e-07          0.5     0.866026
          -1 -3.53205e-13  1.01962e-06
  p = -0.19898  0.11488  0.09846

2025-04-20 19:49:42,944 - hexapod - INFO - Frame Name: tibia_5, Frame Type: BODY, Frame ID: 40, XYZ =   R =
 5.09808e-07    -0.866026          0.5
 8.83013e-07          0.5     0.866026
          -1 -3.53205e-13  1.01962e-06
  p = -0.19898  0.11488  0.09846

2025-04-20 19:49:42,944 - hexapod - INFO - Frame Name: Spherical_joint_05, Frame Type: FIXED_JOINT, Frame ID: 41, XYZ =   R =
         0.5    -0.866026  -3.4641e-07
    0.866026          0.5       -6e-07
  6.9282e-07 -3.53205e-13            1
  p =   -0.216514    0.125005 0.000529976

2025-04-20 19:49:42,944 - hexapod - INFO - Frame Name: foot_5, Frame Type: BODY, Frame ID: 42, XYZ =   R =
         0.5    -0.866026  -3.4641e-07
    0.866026          0.5       -6e-07
  6.9282e-07 -3.53205e-13            1
  p =   -0.216514    0.125005 0.000529976

2025-04-20 19:49:42,944 - hexapod - INFO - Frame Name: Revolute_joint_06, Frame Type: JOINT, Frame ID: 43, XYZ =   R =
        -0.5    -0.866026 -1.26795e-07
    0.866026         -0.5 -4.73205e-07
  3.4641e-07  -3.4641e-07            1
  p = -0.13788  -0.0796    0.059

2025-04-20 19:49:42,944 - hexapod - INFO - Frame Name: coxa_6, Frame Type: BODY, Frame ID: 44, XYZ =   R =
        -0.5    -0.866026 -1.26795e-07
    0.866026         -0.5 -4.73205e-07
  3.4641e-07  -3.4641e-07            1
  p = -0.13788  -0.0796    0.059

2025-04-20 19:49:42,944 - hexapod - INFO - Frame Name: Revolute_joint_16, Frame Type: JOINT, Frame ID: 45, XYZ =   R =
-3.66022e-08    -0.866026         -0.5
 7.56218e-07         -0.5     0.866026
          -1  -3.4641e-07  6.73205e-07
  p = -0.17858  -0.1031    0.059

2025-04-20 19:49:42,944 - hexapod - INFO - Frame Name: femur_6, Frame Type: BODY, Frame ID: 46, XYZ =   R =
-3.66022e-08    -0.866026         -0.5
 7.56218e-07         -0.5     0.866026
          -1  -3.4641e-07  6.73205e-07
  p = -0.17858  -0.1031    0.059

2025-04-20 19:49:42,944 - hexapod - INFO - Frame Name: Revolute_joint_26, Frame Type: JOINT, Frame ID: 47, XYZ =   R =
  9.0193e-08    -0.866025         -0.5
 1.22942e-06         -0.5     0.866025
          -1 -6.92821e-07  1.01962e-06
  p = -0.19898 -0.11488  0.09846

2025-04-20 19:49:42,944 - hexapod - INFO - Frame Name: tibia_6, Frame Type: BODY, Frame ID: 48, XYZ =   R =
  9.0193e-08    -0.866025         -0.5
 1.22942e-06         -0.5     0.866025
          -1 -6.92821e-07  1.01962e-06
  p = -0.19898 -0.11488  0.09846

2025-04-20 19:49:42,944 - hexapod - INFO - Frame Name: Spherical_joint_06, Frame Type: FIXED_JOINT, Frame ID: 49, XYZ =   R =
        -0.5    -0.866025  -2.5359e-07
    0.866025         -0.5  -9.4641e-07
  6.9282e-07 -6.92821e-07            1
  p =   -0.216514   -0.125005 0.000529962

2025-04-20 19:49:42,944 - hexapod - INFO - Frame Name: foot_6, Frame Type: BODY, Frame ID: 50, XYZ =   R =
        -0.5    -0.866025  -2.5359e-07
    0.866025         -0.5  -9.4641e-07
  6.9282e-07 -6.92821e-07            1
  p =   -0.216514   -0.125005 0.000529962

2025-04-20 19:49:42,944 - hexapod - INFO - Hexapod Object Initialised Successfully with init_viz = True, logging_level=10
2025-04-20 19:49:52,111 - hexapod - DEBUG - Time taken for computing 22 steps = 9.166724443435669
